dictionary 
{ 
    type_id: hack_and_slash22, 
    values: dictionary { 
        stageId: 210, 
        totalPlayCount: 1, 
        worldId: 5, 
        avatarAddress: [223 227 165 153 221 201 170 252 12 228 35 44 163 13 65 42 67 121 120 79], 
        id: [85 50 179 170 162 58 92 78 143 172 204 91 26 70 238 109], 
        equipments: [
            [147 72 111 49 36 15 220 68 170 196 119 185 22 243 255 100] 
            [113 18 117 55 14 16 56 71 141 117 254 107 201 63 146 3] 
            [110 182 186 67 153 169 247 67 149 120 219 134 54 16 155 173] 
            [188 101 231 146 56 147 142 78 174 16 56 127 213 73 202 149] 
            [128 166 22 164 178 216 87 70 148 199 178 69 80 211 119 75] 
            [128 133 30 169 102 202 204 70 132 190 245 235 142 95 180 231] 
            [201 235 108 203 240 30 104 73 180 92 149 246 25 125 74 5]
        ], 
        foods: [], 
        r: [[0 30001]], 
        apStoneCount: 0, 
        costumes: []    
    } 
}